210 7640 7695
211 7696 7869
1562 42986 42988
1563 42989 42991
1564 42992 42994
1565 42995 42997
1566 42998 43003
1567 43004 43123
1568 43124 43875
1569 43876 44055
1570 44056 44703
2192 69920 69978
2193 69979 70443
2194 70444 70476
2195 70477 71037
2196 71038 71126
2197 71127 71927
2198 71928 72031
2199 72032 72844
2200 72845 72988
2201 72989 73825
2202 73826 73829
2203 73830 74834
2204 74835 74938
2205 74939 75347
2206 75348 75371
2207 75372 75836
2208 75837 75910
2209 75911 76467
2210 76468 76541
2211 76542 77150
2212 77151 77294
2213 77295 78095
2217 78251 78254
2218 78255 79259
2250 80313 80417
2299 82230 82275
2312 82610 82668
2325 83148 83213
2338 83688 83741
2370 84396 84429
2377 84624 84663
2447 87388 87407
2448 87408 87452
2468 88083 88092
5427 221144 221191
5450 222111 222118
5451 222119 222124
5452 222125 222130
5453 222131 222140
5454 222141 222150
5455 222151 222162
5456 222163 222170
5459 222220 222615
9340 388301 388919
9743 392976 393003
9744 393004 393031
9834 396850 396861
9835 396862 396873
9836 396874 396883
9837 396884 396895
9922 397936 398019
9923 398020 398351
9941 398524 398651
9942 398652 398759
9943 398760 398879
9944 398880 398911
9945 398912 398943
9946 398944 398975
9947 398976 399047
9948 399048 399071
9949 399072 399079
9950 399080 399087
9951 399088 399095
9965 399510 399525
9966 399526 399650
9967 399651 399667
9968 399668 399992
9969 399993 400230
9970 400231 400455
9971 400456 400551
9972 400552 400568
